66
2
3
4
5
6
7
15
14
12
26
25
23
32
33
34
35
36
37
38
40
39
48
51
50
76
71
87
45
44
96
94
109
97
111
110
118
116
128
123
142
135
152
187
189
188
193
190
199
194
203
202
216
220
219
227
221
234
228
240
235
245
241
250
246
256
251
262
257
267
263
281
279
292
290
300
293
305
301
352
65
63
64
43
215
213
214
212
206
205
46
204
211
210
207
209
208
41
11
9
8
10
13
22
20
19
17
16
18
21
24
351
348
347
344
343
340
339
336
335
332
331
328
327
324
323
320
319
316
315
312
311
308
307
306
266
264
265
192
191
42
86
77
85
83
82
79
81
78
70
67
68
75
72
73
80
84
122
121
119
120
127
126
124
125
95
93
88
92
89
90
91
115
112
113
114
117
108
106
105
103
104
102
98
99
101
100
200
201
310
309
229
151
150
148
147
144
143
134
129
133
132
131
130
141
136
140
139
138
137
146
145
149
233
230
231
232
186
175
174
162
161
158
157
155
154
153
156
160
159
198
197
196
195
173
172
163
164
171
170
165
169
168
167
166
185
176
177
184
178
183
179
182
181
180
314
313
217
218
318
317
291
289
282
283
288
284
287
285
286
322
321
299
297
298
296
294
295
326
325
280
278
268
269
277
270
273
271
272
276
274
275
330
329
226
224
223
222
225
334
333
239
236
237
238
338
337
244
242
243
342
341
249
247
248
346
345
255
254
253
252
350
349
261
260
259
258
31
27
28
29
30
107
74
